"Size"	"Reproductive type"	"Adult life span"	"Developmental mechanism"	"Environmental position"	"Living Habits"	"Feeding method"	"Mobility"	"Movement method"	"Bioturbation"	"None"
"Abra alba"	0.195517818842089	0.163822400056964	0.189561093149533	0.212086971887758	0.21315842253504	0.20522277255451	0.20806715181381	0.204613359859932	0.207626780964287	0.172192252837787	0.196687807577878
"Abra nitida"	0.154481732938872	0.163192762115361	0.160131111675758	0.17250958201725	0.170864898842402	0.163778408166826	0.165754443232127	0.166926335146286	0.166191475343487	0.132464531979124	0.161451950211873
"Abyssoninoe hibernica"	0.20484617356625	0.210177610722463	0.198454924169115	0.184892602962756	0.223392325994628	0.215749831346591	0.206718981899191	0.174966509550435	0.217678061432894	0.221005452172738	0.205337992288791
"Ampelisca brevicornis"	0.266661944914916	0.28061457747217	0.265909686808289	0.258331118340376	0.27751432915411	0.264697301824539	0.295995435012852	0.284329981219398	0.261227205510656	0.25530991369232	0.270938550103304
"Ampelisca macrocephala"	0.274411428901797	0.288704847974237	0.273659236191481	0.266764000231774	0.286436484488778	0.273460473810718	0.295969703140295	0.292419928728998	0.269990679163907	0.263743058227137	0.278476327832706
"Ampelisca tenuicornis"	0.302266867346606	0.311828748764711	0.295881604369173	0.290774644350702	0.259358965115867	0.320198473661019	0.330226503412188	0.315544490863843	0.284287101597855	0.287753164569601	0.299984482174739
"Ampharete"	0.314132274341868	0.278519077348307	0.317268579254672	0.292504456458016	0.357910567361009	0.320283419773684	0.352825420234793	0.295641995391492	0.334188925333409	0.326503834321402	0.318011039871557
"Ampharete baltica"	0.319024457154548	0.298843657878212	0.318272212417052	0.297722815475091	0.363375535962441	0.325665428586773	0.360439576066422	0.300698716473461	0.319866698233621	0.331724521913418	0.322703148982718
"Ampharete falcata"	0.298323213097155	0.284615687151324	0.301459475582641	0.274964746812049	0.339143082919718	0.301912056869749	0.334058004584376	0.27897104018603	0.309195396979646	0.308963664738509	0.302396773487778
"Ampharete finmarchia (lindstroemi)"	0.307486177188611	0.286780945326398	0.306733960097337	0.285136772316381	0.350035211817767	0.312571272834552	0.347099359823066	0.288635935745216	0.319854942610409	0.319137229136503	0.311456861518913
"Amphiura"	0.18861556582606	0.159779757793364	0.186957017099287	0.203330653505009	0.187012013921788	0.188653672704702	0.181439718579511	0.196633949308847	0.204222370801601	0.202495653836877	0.189765264885709
"Amphiura chiajei"	0.11680512713025	0.117659337298137	0.116794408988201	0.12485525131054	0.120003207413163	0.108757099757745	0.117016771390362	0.121438550498624	0.123042373560201	0.124089085841213	0.119040518363305
"Amphiura filiformis"	0.12685576765604	0.130895137097071	0.12805804690817	0.1388205790455	0.13417319149139	0.122153052262165	0.128714548351982	0.134883087363141	0.137227343771847	0.138012096002822	0.131921928343264
"Anobothrus gracilis"	0.307822397470649	0.281605760927101	0.301866141759027	0.279671171458742	0.34423162457226	0.306858595574345	0.341292562374762	0.283462779682307	0.314150229667587	0.313708806025473	0.306648987820784
"Aoroidae"	0.280912965545498	0.257633289656804	0.284049259768523	0.274200307893503	0.299908466826932	0.281341507504035	0.315154333008489	0.299383858488449	0.271249677978971	0.290145324924993	0.285050451294152
"Aphrodita aculeata"	0.186139427817091	0.193030009994812	0.18875256238852	0.168053597233061	0.203657697765323	0.190976958324452	0.156228950344179	0.196756007933114	0.205061080577509	0.202786929359401	0.189209696851667
"Arctica islandica"	0.181699091956503	0.187952059548968	0.183058372698554	0.198592059052334	0.163945636775483	0.188047519741042	0.178729072776458	0.192460782449513	0.190385064097022	0.197677999004937	0.186388301252859
"Artacama proboscidea"	0.243488021229773	0.250670771323364	0.240990059292516	0.228679413280233	0.268368957708831	0.237997533586473	0.263279064482418	0.215466061396186	0.261798648971096	0.22528179884737	0.243105341416015
"Bathyporeia pilosa"	0.273309777887424	0.263873139512127	0.272189696402203	0.271813951341712	0.279711931772453	0.300699364740775	0.290917487144019	0.297117330355955	0.275375244509383	0.307888691751986	0.282967279244528
"Brada villosa"	0.254428812408061	0.262377378402993	0.248476808972634	0.22048550714483	0.245035460536702	0.266723900914793	0.277942615262674	0.266093986708316	0.261060603578732	0.238054223531805	0.253925316832706
"Brissopsis lyrifera"	0.170020945532655	0.142622517851453	0.167420650410603	0.183256788535972	0.167491266416237	0.169174513134364	0.178788198662524	0.177258881804068	0.176906526645688	0.182472037840964	0.171326992061475
"Bylgides sarsi"	0.255275653409663	0.262965626815294	0.249324387053391	0.276440459009616	0.210293661113454	0.266811085971749	0.25525346564007	0.266681774866429	0.241481191808946	0.255553754710492	0.254369730817235
"Callianassa subterranea"	0.189513839972914	0.194224003057796	0.187452207307923	0.204726930026338	0.162300353094884	0.197237957859362	0.186067227896206	0.19794011311195	0.199639738438519	0.182042101074323	0.190279796764004
"Capitella capitata"	0.30858511223295	0.282028177959144	0.296368828394055	0.280174332100761	0.344795970586312	0.312913117517934	0.341859043731781	0.283883847518018	0.314702551899891	0.31418723700249	0.307043761236522
"Caulleriella (Tharyx) killariensis"	0.253436718088264	0.261063773056578	0.247052666501135	0.239544119244689	0.279846833848937	0.244272368584993	0.276911111460246	0.225892326543692	0.251080688182849	0.253317676073456	0.25278952455631
"Cerastoderma glaucum"	0.153308172264859	0.155960049142527	0.150803534475559	0.164866209679581	0.162664545841431	0.150729645817549	0.148582481879543	0.159688537701354	0.15817722092685	0.14210581669499	0.154654902583097
"Chaetozone setosa"	0.210101043677204	0.221636140291942	0.209348624854626	0.198386176983363	0.236228338953965	0.227853007723623	0.233291699615746	0.204746005256482	0.230254844835607	0.193922854774704	0.21603519955134
"Chamelea striatula"	0.211424822631909	0.216884270186443	0.209926942176993	0.193148839561437	0.230394347765756	0.217184699703222	0.216345279020743	0.220604022647426	0.211516611362322	0.188681247711229	0.211479864958567
"Chironomidae"	0.354173934184965	0.348305509713875	0.358913286707644	0.359917290239505	0.376955612024823	0.346882206246527	0.395005999393523	0.381774254324771	0.32474596178611	0.374160914803386	0.361917856564656
"Corbula gibba"	0.132424100036586	0.140053212345553	0.131670908485706	0.148290503341755	0.145161213499405	0.138584082929922	0.131111156840474	0.143773226375135	0.140988386710013	0.147536339407709	0.139839037767121
"Corophium volutator"	0.215911792903907	0.227555433133249	0.209328718683326	0.20295715995151	0.24241706889699	0.23398144608084	0.213744671697852	0.231272541482829	0.223337168026097	0.21711210159016	0.221498037796546
"Cyathura carinata"	0.335444571736056	0.3233507697683	0.334692322205587	0.334094846621845	0.363633397765715	0.343823971040913	0.356213459320628	0.317705623874084	0.331402641087026	0.350041111660469	0.338496662652492
"Cylichna"	0.286913616472303	0.264923347371823	0.280334143162882	0.297367658847479	0.2892388217222	0.315533838149665	0.277778444576236	0.305665155727725	0.317459916341532	0.277746616911931	0.290943816320611
"Cylichna cylindracea"	0.197484442474472	0.17129198748814	0.190902820469726	0.219793474087156	0.210133356224103	0.20819049067296	0.19566635350946	0.21204710112382	0.21561369615208	0.219040065463336	0.203624304951142
"Diastylis"	0.203722228511538	0.177906921902261	0.202970042383818	0.189933296835532	0.228754242301123	0.215508003788623	0.209950257976869	0.218648435637951	0.2295507366353	0.226005583444522	0.209788486527972
"Diastylis laevis"	0.209549612084435	0.189813115505111	0.208429606017583	0.202465562012332	0.242173615694894	0.228641308877363	0.22336961845145	0.230554657232067	0.242684051372035	0.238537873404619	0.220956470393148
"Diastylis lucifera"	0.209568436307685	0.189830166762932	0.208448329628648	0.202483749862463	0.242195370591798	0.228661848142503	0.223389684151039	0.230575368376774	0.242705852122305	0.238559301696171	0.220976319315252
"Diastylis rathkei"	0.203844967292279	0.178014107450147	0.203092327986676	0.190047728046333	0.228892062395643	0.215637843275546	0.210076749027299	0.218780167175531	0.229689036602558	0.226141747524187	0.20991488011417
"Diplocirrus glaucus"	0.174834784279759	0.179090314894906	0.168870379977502	0.153687522325155	0.188625715950951	0.181674665637779	0.185682632902796	0.182814666671004	0.183605553311725	0.166425412267112	0.176277225569288
"Echinocardium cordatum"	0.125256043273806	0.126516561438627	0.123743135678706	0.134081147889588	0.115914780276366	0.123552241342842	0.126879544206661	0.130273631458228	0.132677402506089	0.13331947154	0.127246727782101
"Edwardsiidae"	0.206849533944465	0.212223896121101	0.204353485050024	0.188448616637434	0.214400241585285	0.217881413988114	0.211507073912007	0.177046147420363	0.219807817626609	0.223085979013444	0.207208213966348
"Einhornia crustulenta"	0.340777340548864	0.318213882086554	0.337009308258077	0.37332446600302	0.337318802157223	0.34694412978678	0.370254807218758	0.319830930996494	0.332091197759116	0.335276404519874	0.340673542933518
"Ennucula tenuis"	0.155552724138611	0.170086571566123	0.164158144809295	0.144338361768165	0.178684692531384	0.16641939019506	0.175745639991656	0.173805822897899	0.173848514143475	0.179008802790142	0.167887708653664
"Eriopisa elongata"	0.242411972049696	0.218607858896884	0.241659772515368	0.232655694794515	0.263205143718158	0.260170892612316	0.271408202260131	0.220462806019734	0.267591753246135	0.268728624338795	0.247856821099601
"Eteone longa"	0.171019081637455	0.17490941745417	0.168958010691331	0.165809148132793	0.183569115306222	0.171295632178379	0.145225441463008	0.178624515005386	0.178716459040127	0.183840663278137	0.172276736472604
"Eudorella emarginata"	0.205985400458322	0.187744890602106	0.205233142293343	0.192345919701332	0.231280876986271	0.217996671551162	0.228344864683701	0.220990003775436	0.205754750075081	0.228421660972101	0.211953055822719
"Eudorella truncatula"	0.227606898248478	0.193487453770492	0.232314169355286	0.222292247553173	0.263260361920824	0.249319431947774	0.260324607823157	0.249497247904896	0.237078587076227	0.25836481617603	0.238633292285522
"Eumida bahusiensis"	0.16168142340513	0.170560116624793	0.164817789908714	0.180038281448268	0.178721094885287	0.166542217988999	0.131430353049498	0.174275272857284	0.173963162065324	0.179285102342595	0.16822986020006
"Euspira"	0.212089396588147	0.223361346588373	0.21522597967493	0.199840043844684	0.208003734288957	0.224037312556692	0.211723429671809	0.227076759372649	0.218375836932956	0.234474702360228	0.217488886030077
"Galathowenia oculata"	0.211811877919734	0.217265678027559	0.209315828952419	0.228946366368184	0.230764633802966	0.201206504157868	0.225678638479323	0.220981380975372	0.202995525233342	0.170029787898304	0.211815742300958
"Gammarus"	0.325944109429142	0.300293628030708	0.314163236523101	0.317682013229184	0.317221704647056	0.348452974917596	0.337832186181475	0.341049423387151	0.322843381143482	0.316458493289794	0.323918916493612
"Gattyana amondseni"	0.234714396295664	0.241500707761395	0.228764875740803	0.25407367398519	0.210231971558924	0.243575123268232	0.231598925068278	0.245215765682106	0.218252659618927	0.233193096791738	0.234365752565656
"Glycera alba"	0.152550258874682	0.132439714935716	0.150050179383156	0.164195751290123	0.162070018915438	0.155164147156556	0.145385569594142	0.158969627294094	0.157569542494816	0.163441244964317	0.154021588499871
"Glycera unicornis (rouxii)"	0.180950219010432	0.158138148628198	0.181070936147938	0.198177025057682	0.198156377699917	0.185525829851145	0.181455434557022	0.191472544687135	0.173251031540834	0.197421772846142	0.18436395284614
"Glycinde nordmanni"	0.195758083939237	0.177795083942316	0.189373923658805	0.176220827454073	0.212498210267181	0.205101574707536	0.1868970321752	0.204277930746256	0.207027666018264	0.210852574075514	0.196308234101537
"Golfingia"	0.277169100695253	0.249279905681877	0.271217251144022	0.26587659385419	0.271909732571043	0.275296725857839	0.302665821489258	0.290037474240216	0.300466818102348	0.263211426520129	0.276340252956688
"Goniada maculata"	0.214425685466452	0.197343981507165	0.208034315581813	0.176419832861653	0.234271537439849	0.226449794988189	0.20864144804973	0.223856735273853	0.228378061425387	0.231339273167131	0.214589107847714
"Halicryptus spinulosus"	0.236958672626838	0.244246293525633	0.23098516288409	0.220389141719393	0.247316926986082	0.252310156167882	0.244428560986921	0.20893283414883	0.254720938265066	0.235665152939668	0.237145603538475
"Harpinia antennaria"	0.259606126226257	0.242008027952304	0.264313478610316	0.256786697094735	0.263737186049239	0.285031251177795	0.252276604302347	0.282750563667496	0.29907433627906	0.292859888558114	0.269555301314006
"Hediste diversicolor"	0.264862218074888	0.246074932198124	0.261074975164561	0.254715357092188	0.29607313357733	0.265563820705567	0.279333815115551	0.279485923816222	0.275880216969998	0.246726529141758	0.266535785647091
"Heteromastus filiformis"	0.234418889056427	0.243886162580887	0.230642322969616	0.238159635679939	0.260777160245509	0.230523515220687	0.257834816908832	0.208635393745549	0.232316249800389	0.235326883203293	0.236795125285716
"Hyala vitrea"	0.26123552119658	0.243638619364609	0.265946671222347	0.295299007000066	0.254277970256406	0.286727148744235	0.265944724127425	0.28441402399215	0.281061519555846	0.274401114703154	0.271091926195398
"Hydrobia"	0.288586163477101	0.309157696245228	0.293301273623611	0.306035919762483	0.285367091902194	0.317328217892529	0.283301813964392	0.312878960267746	0.291642518898574	0.286739586331382	0.297548673261667
"Idotea balthica"	0.303984300372649	0.314093322291047	0.298033931492371	0.293153080873852	0.267292126962963	0.322684295419623	0.334913529604134	0.317808909931428	0.27737344491413	0.290131726691886	0.302100312140062
"Idothea chelipes"	0.322658881277616	0.33358206639046	0.316709352275993	0.313456998785825	0.288771315998132	0.343773399837231	0.332954353696401	0.337297129585581	0.298468944837118	0.312233902669014	0.320256101083842
"Jaera albifrons"	0.302178491112359	0.323442310046676	0.306885838002988	0.303010045603111	0.301447630073147	0.333022520512469	0.322051382072862	0.327157447144497	0.287717164283671	0.301786925155594	0.31087748360325
"Labidoplax buskii"	0.168685431131288	0.172545132471145	0.167623886815136	0.182201127382121	0.163473605714368	0.173887787176089	0.178187157139199	0.176260613823972	0.176289161415655	0.142350122605391	0.170096881366
"Laonice bahusiensis"	0.181019115604962	0.187999512736225	0.177250432919331	0.19861196338664	0.198868331078604	0.191680684390847	0.193782417469686	0.152822328195783	0.193607057134799	0.175929984025691	0.18465775374815
"Laonice cirrata"	0.179121855326014	0.186018934902318	0.175353794416175	0.196547787157176	0.196686163200691	0.189538166053775	0.193750446294008	0.150847554066677	0.191464220975283	0.173869549980664	0.182810666580579
"Leucon nasica"	0.227621564109643	0.187740475837184	0.226869323633789	0.216244273668824	0.256785910817768	0.24298246089595	0.253849967554649	0.2437538789653	0.230740827284988	0.252319166629333	0.233246335645948
"Leucothoe lilljborgii"	0.357519138236444	0.344783015212023	0.362226395380147	0.364426949955746	0.36717020926405	0.373345821113336	0.411202408186819	0.346637938273277	0.372033637830495	0.363203852827374	0.36553873388707
"Levinsenia gracilis"	0.248456948416816	0.256313355730696	0.242507008667102	0.214360286136464	0.274598531189812	0.244137289348029	0.271662585548383	0.22113923453653	0.245926125888587	0.269221013818605	0.248363919767546
"Limecola balthica"	0.155493419499944	0.157037958762784	0.156090649981265	0.166752177280648	0.159676049128029	0.151291988272839	0.155541175251919	0.162270473310438	0.164000704982211	0.165691381884493	0.159351933583153
"Littorina saxatilis"	0.282480800034815	0.296900878399253	0.281728505116322	0.311906770899095	0.24795580467895	0.303760795736428	0.259631899463815	0.300616463960336	0.298099056838666	0.273852732817419	0.286042480893083
"Lumbrineris"	0.246460992362386	0.241195663531632	0.24658137865669	0.231081281634092	0.256492768519585	0.265606063095972	0.236330436712728	0.221291290821225	0.274629462810171	0.269339292677871	0.24850552843395
"Macoma calcarea"	0.154878255623056	0.157669288028365	0.153381340615349	0.16669647839737	0.164705527765608	0.158239194780127	0.159617271243907	0.1613866429518	0.160166454940514	0.126825378331727	0.156237109525206
"Magelona alleni"	0.205450117795777	0.211157994258435	0.203389000851513	0.222670460020847	0.224234431376648	0.216144374110397	0.185889901794961	0.175985191059353	0.218545553880279	0.201058871280909	0.206194850471069
"Magelona minuta"	0.186183877440045	0.191043445883895	0.184122801099758	0.20171076759544	0.202057194610438	0.194839354968611	0.185402313678111	0.155871335588594	0.196765449836785	0.180099604603529	0.187451551343323
"Magelona mirabilis"	0.205444988912669	0.213453888165413	0.205565372471283	0.225087069932484	0.226822454371541	0.218677310509201	0.188478882027613	0.178281963024703	0.221078430335723	0.203476020707021	0.208348185359018
"Maldane sarsi"	0.281036684603341	0.290042044898626	0.268814422473753	0.268434253093046	0.312172293075164	0.27545647436474	0.309233928974846	0.25483894933761	0.282746376521448	0.261921039256183	0.279873387561857
"Marenzelleria"	0.236125365839445	0.24264182207075	0.23355518222955	0.219128521909101	0.244535046098274	0.249889707870072	0.241572322999354	0.246467884355891	0.252362552311485	0.193261570487229	0.23578148968387
"Melinna cristata"	0.304734911826389	0.314774020463709	0.302235177459419	0.295610701427125	0.339403683483775	0.302181892622828	0.336463099621245	0.279544331023033	0.288064386896212	0.270452768278275	0.302893689669226
"Microdeutopus"	0.373135967280413	0.361150701784973	0.372015959819779	0.381547170699044	0.385367129369903	0.393350865089279	0.418303607957827	0.363005619429461	0.387552575334319	0.380324077142373	0.380828265521379
"Monoporeia affinis"	0.22714171039547	0.215173374918913	0.23193723037066	0.220911118979759	0.244103037334635	0.253172416618386	0.245114611580299	0.249038767408296	0.242334511703976	0.257659952744	0.238233947972288
"Mya arenaria"	0.174632376140328	0.181030496086964	0.177255467466881	0.191066607944381	0.176564708605727	0.183004312525413	0.176309548864095	0.184770691093211	0.185421659589239	0.150950532823603	0.178070180368755
"Myrtea spinifera"	0.169231217929734	0.173294762347896	0.163280873383655	0.183170550475279	0.182382403606936	0.175057409484004	0.168349122290564	0.138118248128425	0.177458842598125	0.182417286990152	0.170908532476184
"Mysella bidentata"	0.162840202380555	0.166296460251901	0.160775748912641	0.175555995726355	0.141892139768729	0.144044127505441	0.168810865291042	0.170017654826823	0.175878891244524	0.17480159245861	0.16424192018301
"Mysia undata"	0.167915650774645	0.171793939520203	0.161964222078314	0.181473576101942	0.180420094887626	0.173176516593387	0.16638425671335	0.175510188941308	0.175578387247603	0.141614333282892	0.169430738819203
"Mysidae"	0.332621474246426	0.343567786961098	0.320407814494382	0.323897067152817	0.32344631420819	0.354661998031482	0.2973983481794	0.347283549998571	0.329334728186969	0.320875570345568	0.329593694306298
"Mytilus edulis"	0.316526174632528	0.327107873458896	0.31017340067076	0.343876634959227	0.301817726881902	0.313264423472399	0.336986635459207	0.289298359950734	0.308500837495927	0.303249097000558	0.314953498055577
"Nassarius incrassatus"	0.252406156409768	0.260012729254068	0.246444075661485	0.273416723712412	0.230634398913358	0.263673565080344	0.230312068239858	0.263735630133826	0.258000679238551	0.235287764084497	0.251654213260055
"Nemertea"	0.358893061092406	0.371093888681243	0.352476972738318	0.309813484463734	0.368862012341092	0.316101946030572	0.353455124067043	0.374827568827744	0.378943703125464	0.366742601214367	0.355305149686296
"Neomysis integer"	0.287793350764261	0.302717606188401	0.281213864881704	0.277651909228114	0.273187458704624	0.310571357122135	0.311522319275437	0.306432688396275	0.285248727927415	0.280186553426632	0.291567016196528
"Nephtys caeca"	0.187031230270185	0.194001620884912	0.188151997376993	0.20459160410882	0.204847094866478	0.197648883268003	0.15752556217888	0.177105224490148	0.186527915304083	0.203837934610623	0.190129396823578
"Nephtys ciliata"	0.185921937588741	0.192850522720579	0.187045189139545	0.203407072556742	0.203579837626156	0.195916644390766	0.165125537832356	0.175916671487668	0.178606233202905	0.202651732372772	0.189079979662972
"Nephtys hombergii"	0.210592935924393	0.218698715223087	0.210713739967841	0.211582851794628	0.232281094210165	0.219032089336015	0.184826046869975	0.201754646735587	0.213393659151517	0.229677300887377	0.21320555664182
"Nephtys incisa"	0.155575839938746	0.158376924416372	0.154066540685839	0.167470753508883	0.165449243482247	0.158934585065756	0.162487386627017	0.141341750369128	0.141041340490715	0.166710893786377	0.156995854276632
"Notomastus latericeus"	0.249726951743476	0.259941206006224	0.245948095339192	0.23830406878726	0.278639051597056	0.248024423039544	0.275694923861483	0.224669059165063	0.249818244832137	0.252117061062438	0.251786168314766
"Nucula nitidosa"	0.154296485937549	0.162997711512312	0.159969477816877	0.136597593230966	0.170590156002296	0.15842936213882	0.167627454182372	0.166746890045348	0.165918265023303	0.171547012244387	0.161305557845719
"Nucula sulcata"	0.153112330345586	0.161746777958047	0.158741784583624	0.13554926861819	0.16928095387798	0.157213488595311	0.166340989451627	0.165467183245223	0.164644917544634	0.170230466682125	0.160067610803847
"Nuculana pernula"	0.185782576981067	0.190548197962618	0.184719932619723	0.1656915765108	0.201315947698542	0.193660064000515	0.198376831736596	0.194267529552629	0.196063926709141	0.161224490145766	0.18693517883075
"Oligochaeta"	0.243391515009902	0.250291251937362	0.240894400592112	0.202841592210108	0.235323952081199	0.25892528676761	0.250637929791076	0.254008540950804	0.247484584108773	0.242523931596015	0.242616659885833
"Ophelina acuminata"	0.198062434508965	0.17353774975077	0.195566285664383	0.178928512290393	0.215491856868334	0.207530308878967	0.212555490865675	0.206786867948008	0.209931922433539	0.192705088768972	0.19867769854354
"Ophiura"	0.138020728151124	0.139908133012597	0.135525065763883	0.148027637812351	0.144761362629898	0.133216375835869	0.117987143833395	0.143623260484232	0.14725940816241	0.147274464537409	0.139628923284401
"Ophiura albida"	0.160107122130345	0.16890876881916	0.163245875594122	0.178310550258339	0.129868256544769	0.164723630496161	0.171783967326781	0.172626752505022	0.178777459197529	0.177556797938872	0.166695916134745
"Ostracoda"	0.29782129456001	0.282199050782818	0.296701301061833	0.296770368841515	0.308714848298837	0.329099071430951	0.3416078435787	0.322940135309392	0.303456546453676	0.297731716077618	0.307115098496778
"Owenia fusiformis"	0.244093029952277	0.251123778430831	0.241596570453346	0.228984021768002	0.268444963424286	0.238153446340583	0.263358131593864	0.254840092509898	0.239942761660971	0.20545422725784	0.243419771524149
"Oxydromus flexuosus"	0.171723927499582	0.175147556713238	0.169227722660994	0.184799389215894	0.183730986829701	0.171467742110007	0.158124057617593	0.178863491696303	0.146139300255237	0.184046052232968	0.172480943490435
"Paramphinome jeffreysi"	0.218727836109986	0.230567632837382	0.221864844386564	0.20762421811741	0.24591170337117	0.237389229491178	0.207559577751297	0.195387861918024	0.239790884933951	0.242263571647536	0.22433856154135
"Parvicardium minimum"	0.15815101181828	0.167032070940661	0.161287538315927	0.176517016871447	0.175186055684834	0.168034978402069	0.161153630562405	0.170747416692759	0.177058799781016	0.136667466502584	0.164997568044476
"Pectinaria auricoma"	0.302711316526212	0.2832252728281	0.296322243099284	0.329086253894222	0.337478120623643	0.30027591110388	0.334540088929124	0.277576179356391	0.287845895074648	0.268538009548891	0.301100736180792
"Pectinaria belgica"	0.281461218769373	0.260891983944705	0.275050068125739	0.305899064762012	0.31286557182265	0.281526271732665	0.309917387863777	0.25522337023079	0.283322564933567	0.245141598105052	0.280410143082368
"Pectinaria koreni"	0.261474901874956	0.240505906498925	0.255520752584551	0.284453710523002	0.290105939857191	0.259293255596996	0.287167917054789	0.234856830124511	0.261083357726874	0.244779593486446	0.261257086851028
"Pennatula phosphorea"	0.298163724904601	0.310411632756214	0.299284340295268	0.326271825844304	0.290184866870748	0.297731061405016	0.320029776780196	0.274982947965365	0.282869853679716	0.288202564893479	0.298742477420473
"Peringia ulvae"	0.249516506712521	0.268403183926804	0.254252144480998	0.263500276227316	0.240194293600251	0.273125204974854	0.284491967995784	0.272140648779997	0.247370111099231	0.244119934612794	0.259614409233944
"Perioculodes longimanus"	0.172497202172899	0.18781661702221	0.177204432307381	0.161458690663023	0.198357094380386	0.185731947114055	0.181702492842203	0.191531661973626	0.193152668908842	0.19753094530841	0.184425655832716
"Phascolion strombus"	0.177605161743654	0.181990682080765	0.171655533995422	0.156790698086865	0.191844059301664	0.179349642376169	0.188908267614634	0.185705806936212	0.186770523777527	0.171294891905098	0.178955722557983
"Phaxas pellucidus"	0.163042168596476	0.166652474660514	0.161980299440872	0.176061818984393	0.174623889280814	0.167503532210435	0.160586657840443	0.170369092974752	0.169905641286105	0.136198619541529	0.164608891414253
"Philine"	0.189493203848311	0.193823175852111	0.186996370119924	0.184148190604184	0.204601967487013	0.197416501028947	0.157289395976334	0.197540047021809	0.205968764196343	0.181694099170429	0.189933313928712
"Philine scabra"	0.220177315771373	0.226009084781483	0.21768154471378	0.201238941700151	0.240427788026066	0.232550325857606	0.193135353093703	0.229724374023482	0.241098949118914	0.198217830162764	0.219971225450254
"Philomedes"	0.297322627156764	0.281668692225085	0.296202615287217	0.298393254413091	0.302711246016214	0.334002794312971	0.341002907647994	0.322410445031911	0.302865152369356	0.29537232111862	0.306619159355302
"Pholoe baltica"	0.229267555607206	0.247066899888971	0.237867962930695	0.259999238213717	0.216625155084751	0.249829407510367	0.238003764756119	0.250783984458779	0.244165384451505	0.221929847683782	0.239620692063062
"Pholoe inornata"	0.229149542822811	0.246939725100937	0.237745523187534	0.259865406656256	0.2165136498277	0.249700810753945	0.237881255110562	0.250654896345072	0.2440397031845	0.221815611898452	0.239497350123144
"Pholoe minuta"	0.260413827190586	0.268377818484786	0.25835280866019	0.282122988432301	0.251102456142953	0.249525340314488	0.239642301219143	0.272092821556216	0.267098319720404	0.242277113541163	0.259414330536902
"Pholoe pallida"	0.229170273772603	0.241202324610268	0.232306936694503	0.253826308007452	0.210041490160149	0.243370038936307	0.23141102855074	0.244917831962552	0.237708419211632	0.215773070919478	0.234116406975415
"Phoronis muelleri"	0.247889909838233	0.218211457487423	0.241494523883711	0.268976600806549	0.273585037493019	0.237576956714953	0.259528866515238	0.220069659256014	0.244873235942073	0.268222108674627	0.247487822025469
"Phyllodoce groenlandica"	0.161743818585869	0.167443215026065	0.161864250823254	0.176757678775348	0.175202849834018	0.163095742093383	0.127893857822532	0.171159804990643	0.170519550018486	0.176004209007054	0.165309402920488
"Pisidium"	0.245956413859401	0.264784479152308	0.254552520441748	0.241933963403953	0.248017619839809	0.26959477899198	0.269816433100964	0.22961124678089	0.26393358829862	0.27800797400223	0.25626442573432
"Pistella lornensis"	0.25113013728593	0.259074848240365	0.249067532676856	0.237413629526447	0.277570430739428	0.241550247044388	0.274632476093824	0.223876658154948	0.24883913336892	0.250129323347465	0.250922684649836
"Polycirrus"	0.307736767047022	0.317800810474882	0.305240026373123	0.29869446607763	0.306654505057822	0.305298758099209	0.339562760703141	0.28261331226804	0.299497850604913	0.296029140669731	0.305666023889533
"Polydora ciliata"	0.266528657790981	0.245807626032006	0.260579113890056	0.289952194205284	0.295932617325113	0.25954061060492	0.29084748495024	0.2401629190806	0.266824028115451	0.251903410772041	0.266168044636562
"Polydora cornuta"	0.260694838196693	0.245190502287306	0.259942644890644	0.289358572416755	0.295366915583745	0.258966978861923	0.290281767880679	0.239545778320973	0.272872485999064	0.251309674292477	0.265624745675725
"Polynoidae"	0.223510535815242	0.229307964889406	0.221014889315478	0.241325433153749	0.201894291945767	0.207055025065682	0.224851757245107	0.233023068710407	0.22467065712194	0.220444597976558	0.222977549869428
"Polyphysia crassa"	0.151372299679001	0.153995471485214	0.148869778349786	0.127386819864664	0.16062592661561	0.153750158584152	0.157682064286252	0.157720809409947	0.156157903281707	0.162113999419028	0.152834940164274
"Pontoporeia femorata"	0.223439447878819	0.200400443174722	0.217477149804316	0.205452273024881	0.227426805162675	0.236619033967286	0.228421891404414	0.233713851737389	0.225957779871671	0.241602124640317	0.223783672305883
"Potamopyrgus antipodarum"	0.313030640732911	0.305437763396053	0.317739663008275	0.315220313551763	0.314612433221764	0.345892573511397	0.33522351827179	0.338692319402805	0.320240038371714	0.313996757785292	0.321727302699494
"Praxillella affinis"	0.162021969253976	0.16523602786094	0.149807697024749	0.137856211930692	0.173308176614974	0.166173767615874	0.17037173337318	0.168951977232413	0.168575444343277	0.173937248292333	0.163351037090108
"Praxillella praetermissa"	0.310931171018951	0.321264756927573	0.298713358649934	0.30099111663996	0.32843200717161	0.309298125264371	0.343685899442944	0.286074477762159	0.296871228825829	0.297968592530561	0.308965084108481
"Priapulus caudatus"	0.181777980227005	0.186383558799452	0.175809997742552	0.196816555951253	0.171792989366338	0.18919206702436	0.193842024824953	0.151102774787664	0.191600618437086	0.196061059651737	0.18313276625759
"Prionospio cirrifera"	0.222591216200072	0.229167736822472	0.216641764368148	0.241549336828863	0.244351783629525	0.208988902265351	0.241416078746855	0.193996500040621	0.216272207065228	0.218871192537132	0.223019871120488
"Prionospio fallax"	0.292319237639214	0.265380702722637	0.286368153348662	0.318328688541249	0.326147295764895	0.289150932818083	0.323210785359818	0.267236109151847	0.296436236069935	0.257811795595213	0.291466777413024
"Prionospio multibranchiata"	0.274740551061728	0.252490569541812	0.273988346876741	0.304916161141905	0.311995475995669	0.27524931690222	0.306910254746341	0.254345528133329	0.304523381424596	0.244413875101012	0.279471298223243
"Pygospio elegans"	0.224033615613352	0.236029911774024	0.217447821184413	0.228382950387993	0.25174254476601	0.222217478017039	0.246652523359112	0.239748556079126	0.203851916120358	0.225927688228591	0.229390645858186
"Rhodine gracilior"	0.280747761337056	0.289738130123022	0.268523250637967	0.269552319392358	0.311832097890149	0.275117220066166	0.308893193209386	0.254528558133485	0.282408463369994	0.260526641668478	0.279591402917238
"Rhodine loveni"	0.27107717598753	0.279551034352295	0.264674360090204	0.258791455938793	0.300387521178901	0.263850925000323	0.297443169974355	0.244276210239233	0.27115568079754	0.254520197421134	0.270071475435878
"Rissoa membranacea"	0.185192801014576	0.200988807529318	0.184072776713412	0.211931529940269	0.165733866899481	0.199847475167769	0.209766599309001	0.204703918808099	0.194186458972395	0.211178359948128	0.196687029457262
"Saduria entomon"	0.242818511410744	0.249892173060117	0.240714348705368	0.225275565126303	0.229688899549062	0.25229125211325	0.21798884434195	0.253684943866383	0.24655495760026	0.262102520418756	0.24237301885672
"Scalibregma inflatum"	0.247118091963174	0.217378176491214	0.240689853717353	0.212505836036925	0.273244632019327	0.264077815905057	0.27028859028305	0.219245923608002	0.266495521972794	0.267742076934094	0.247005351196218
"Scolelepis tridentata"	0.213998766174346	0.225780482377684	0.213246576257056	0.238177736401136	0.240980295335478	0.232493407095475	0.238044549398983	0.190608753750135	0.234894513506421	0.177676597958564	0.219937626627514
"Scoletoma fragilis"	0.23053959213691	0.239758681728027	0.226768211704356	0.217189944181476	0.256062026980095	0.247351708494741	0.208731229137793	0.20455631620281	0.249754906427892	0.25185154522828	0.232914673428333
"Scoletoma impatiens"	0.171484970066234	0.177949308037029	0.167716924904455	0.188044509608634	0.187571887000215	0.180145760033949	0.170917421090624	0.142778074195031	0.182546832666835	0.187291359196552	0.175258503789648
"Scoloplos armiger"	0.174044322299743	0.180530881254992	0.17416487214296	0.1349522778156	0.190179199351165	0.177708952150459	0.187239381872812	0.184251100585455	0.185140009655278	0.189885354177547	0.1775973152507
"Sphaerodorum gracilis (flavum)"	0.243014716873405	0.249878020449239	0.240518939022438	0.226135568031572	0.219831324236405	0.252948397265156	0.263866285785882	0.253593319804084	0.247287094483038	0.224912394164793	0.242218543362783
"Spiophanes bombyx"	0.263427768000156	0.271475051268508	0.25704361432203	0.26204371454023	0.29128089909969	0.255033034060009	0.286195733775718	0.236303042309027	0.242612589458804	0.263078878807186	0.262482032326008
"Spiophanes kroyeri (kroeyeri)"	0.242026295161127	0.249482345281579	0.236071745634186	0.262745413042038	0.26680169259665	0.231001024431368	0.261712281865094	0.214280972574008	0.218570210482001	0.24004783733605	0.241964141301528
"Spisula subtruncata"	0.161502461712555	0.16503004159875	0.161926529509144	0.174353858160409	0.172799645496668	0.165719304009024	0.158767073764785	0.168745426168429	0.168120615696114	0.134503891447204	0.163084304950403
"Streblospio benedicti"	0.286506063789002	0.301618162117225	0.285753884897178	0.261726422902903	0.30725674482909	0.309846946092963	0.319819092234518	0.266446949030645	0.277902851229489	0.294657635792937	0.290645811904111
"Tellimya (Montacuta) ferruginosa"	0.194681808286368	0.199862554499199	0.19262070324967	0.210847953050052	0.197882324383539	0.175258516725586	0.206575341627211	0.164689954501824	0.206215358701864	0.210094773383367	0.195648082512361
"Tellimya (Montacuta) tenella"	0.194683135554073	0.2111059018351	0.203279146192347	0.222682518569817	0.210554404181056	0.187660338642834	0.219247480690467	0.175933062044103	0.218617391671275	0.221929333768235	0.206194345924387
"Terebellides stroemi"	0.285608745848821	0.257644961963656	0.279183721070847	0.274885545967911	0.317760106560907	0.286740396300279	0.314805542546008	0.259511775396117	0.28806249939992	0.288747502234692	0.284519946623318
"Theodoxus fluviatilis"	0.320761897381754	0.313512147523102	0.325470269486497	0.323634100587657	0.3235173596605	0.354633046256515	0.335177234251367	0.346762112102148	0.32898405294011	0.32241071375647	0.32924597489748
"Thracia convexa"	0.199187223440338	0.204673754609965	0.198122354744066	0.215985665956163	0.217202812123284	0.20967965737564	0.203125928672732	0.169387945133141	0.21161197863763	0.177080857507474	0.200202238955986
"Thracia phaseolina"	0.207258095983078	0.224410439302454	0.211967145763902	0.199879527609366	0.239394802736311	0.225924061041336	0.225358089709679	0.189225322989002	0.233347651421019	0.235965726494642	0.218667567313168
"Thyasira"	0.180800105953052	0.185219699349956	0.178738957375329	0.195434263354214	0.17024092455486	0.188137835513458	0.190073336309866	0.188934936832778	0.190063997888184	0.151896036124169	0.181918465232206
"Thyasira equalis"	0.263160665748205	0.282853698083723	0.267869181378564	0.278906534676517	0.279089524642098	0.294379151319759	0.266399334133116	0.247672572840039	0.296780899219654	0.258906693355606	0.273152823243177
"Thyasira flexuosa"	0.178994657857137	0.183323951032422	0.176932548843837	0.174656885650988	0.168114336728749	0.186062280142893	0.187955989813576	0.187040919708371	0.187989340053532	0.17076095862021	0.180153218988099
"Thyasira sarsii"	0.233000473276723	0.245476234518691	0.232248199588124	0.223163295822904	0.237433165516558	0.253535214957618	0.257266875631188	0.249191715225302	0.255936588779524	0.197840744144121	0.238205124588565
"Trichobranchus roseus"	0.214700295762429	0.221018134147138	0.208749420934709	0.177523952485825	0.235567197519301	0.222180602735262	0.232630790471822	0.185838485073956	0.229603039600149	0.232393301945998	0.215463766839674
"Trochochaeta multisetosa"	0.290224929285779	0.299443564754852	0.287728602362365	0.314892755948502	0.279516818399823	0.285288754704217	0.319156552872767	0.264261897688019	0.29257421942088	0.254374521761293	0.288535043593378
"Turbellaria"	0.361851566790311	0.345269429379453	0.350072341594186	0.356709040851253	0.369633810132063	0.365748294353434	0.343542287236067	0.378518360705095	0.363659570035839	0.35368748898791	0.358815659352777
"Turritella communis"	0.175989426460439	0.179535257143723	0.175978846858731	0.189330762157778	0.144376728485243	0.152723587506246	0.183311445800556	0.183265621067515	0.190154111329599	0.188574499974405	0.176583621414195
"Virgularia mirabilis"	0.31269203812277	0.325736321545205	0.313812637595912	0.306990725929088	0.327740696856792	0.314616861742868	0.337278889519797	0.290308139992984	0.299843784673552	0.304325195086473	0.313075181376852
"Westwoodilla caecula"	0.213607405955772	0.230879581107325	0.218314838393902	0.206468127123315	0.246154885995645	0.232623838416927	0.243219031281491	0.234594785721031	0.200678091679626	0.222413719282716	0.2245963475781
