"0-10"	"11-20"	"21-50"	"51-100"	">100"	"Semelparous-Monotelic"	"Iteroparous-Polytelic"	"Semi-continous"	"<1yr"	"1-3yrs"	"3-6yrs"	"6-10yrs"	">10yrs"	"Fragmentation/Fission"	"Direct"	"Lecitotrophic"	"Planktotrophic"	"Ovoviviparous"	"Deep"	"Middle"	"Top"	"Interface"	"Epibenthic"	"Bentho-pelagic"	"Epilithic"	"Epifaunal"	"Attached"	"Tube dweller"	"Burrow dweller"	"Crevic dweller"	"Case builder"	"Free"	"Parasite/commensal"	"Suspension/filter feeder"	"Deposit feeder (inkl. Both)"	"Predator"	"Scavenger"	"Herbivore"	"Miner/Borer"	"Parasite"	"Grazer"	"Sessile"	"Semi-motile"	"Motile"	"No movement"	"Swimmer"	"Crawler"	"Rafter/Drifter/Byssus"	"Tube-builder"	"Burrower"	"Temporary attachment"	"No transport"	"Diffusive mixing"	"Surface deposition"	"Conveyor belt transport"	"Reverse conveyor belt transport"
"Aoroidae"	0	1	0	0	0	1	1	1	0	0	1	0	0	0	1	0	0	0	0	1	1	0	1	0	0	0	0	1	0	0	0	0	0	0	1	0	0	0	0	0	0	0	0	1	0	1	0	0	0	0	0	1	1	0	0	0
"Bathyporeia pilosa"	1	0	0	0	0	1	0	0	1	0	0	0	0	0	1	0	0	0	0	0	1	0	1	0	0	0	0	0	0	0	0	1	0	0	1	0	1	0	0	0	0	0	0	1	0	1	1	0	0	0	0	0	1	0	0	0
"Eriopisa elongata"	0	1	0	0	0	0	0	1	0	1	0	0	0	0	1	0	0	0	0	1	0	0	0	0	0	0	0	0	0	0	0	1	0	0	1	0	0	0	0	0	0	0	1	0	0	0	0	0	0	1	0	0	1	0	0	0
"Gammarus"	0	0	1	0	0	0	0	1	1	0	0	0	0	0	1	0	0	0	0	0	0	0	1	0	0	0	0	0	0	0	0	1	0	0	1	0	0	1	0	0	0	0	0	1	0	1	1	1	0	1	0	1	0	0	0	0
"Harpinia antennaria"	1	0	0	0	0	0	0	1	0	1	0	0	0	0	1	0	0	0	0	0	1	0	1	0	0	0	0	0	0	0	0	1	0	0	0	1	1	0	0	0	0	0	0	1	0	0	1	0	0	1	0	0	1	0	0	0
"Leucothoe lilljborgii"	1	0	0	0	0	0	0	1	0	1	0	0	0	0	1	0	0	0	0	0	0	0	1	0	0	0	0	0	0	0	0	0	1	0	1	0	0	0	0	0	0	0	1	0	0	1	1	0	0	0	0	1	0	0	0	0
"Microdeutopus"	1	0	0	0	0	0	0	1	1	0	0	0	0	0	1	0	0	0	0	0	0	0	1	0	0	0	0	1	0	0	0	0	0	1	0	0	0	0	0	0	0	0	1	0	0	0	1	0	1	0	0	1	0	0	0	0
"Monoporeia affinis"	1	0	0	0	0	1	0	0	0	1	0	0	0	0	1	0	0	0	0	0	1	0	0	0	0	0	0	0	1	0	0	0	0	0	1	1	0	0	0	0	0	0	0	1	0	1	1	0	0	1	0	0	1	0	0	0
"Perioculodes longimanus"	1	0	0	0	0	0	1	0	0	1	0	0	0	0	1	0	0	0	0	1	1	0	0	0	0	0	0	0	0	0	0	1	0	0	1	1	0	0	0	0	0	0	0	1	0	0	0	0	0	1	0	0	1	0	0	0
"Pontoporeia femorata"	0	0	1	0	0	1	0	0	0	1	0	0	0	0	1	0	0	0	0	0	1	0	0	0	0	0	0	0	1	0	0	0	0	0	1	1	0	0	0	0	0	0	0	1	0	1	1	0	0	1	0	0	1	0	0	0
"Westwoodilla caecula"	1	0	0	0	0	0	1	0	0	1	0	0	0	0	1	0	0	0	0	1	1	0	0	0	0	0	0	0	0	0	0	1	0	0	1	0	0	0	0	0	0	0	0	1	0	1	0	0	0	0	0	1	1	0	0	0
"Edwardsiidae"	0	0	0	1	0	0	1	0	0	0	1	0	0	0	0	1	0	0	0	1	0	0	0	0	0	0	0	0	1	0	0	1	0	1	0	0	0	0	0	0	0	0	1	0	0	0	0	0	0	1	0	0	1	0	0	0
"Pennatula phosphorea"	0	0	0	0	1	0	1	0	0	0	0	0	1	0	0	0	1	0	0	0	0	1	0	0	0	0	1	0	0	0	0	0	0	1	0	0	0	0	0	0	0	1	0	0	1	0	0	0	0	0	0	1	0	0	0	0
"Abra alba"	0	0	1	0	0	0	0	1	0	1	0	0	0	0	0	0	1	0	0	1	1	0	0	0	0	0	0	0	1	0	0	0	0	1	1	0	0	0	0	0	0	0	0	1	0	0	0	0	0	1	0	0	0	1	0	0
"Abra nitida"	0	1	0	0	0	0	1	0	0	0	0	1	0	0	0	0	1	0	0	1	1	0	0	0	0	0	0	0	1	0	0	0	0	1	1	0	0	0	0	0	0	0	0	1	0	0	0	0	0	1	0	0	0	1	0	0
"Arctica islandica"	0	0	0	0	1	0	1	0	0	0	0	0	1	0	0	0	1	0	0	1	0	1	0	0	0	0	0	0	1	0	0	1	0	1	0	0	0	0	0	0	0	0	0	1	0	0	0	0	0	1	0	0	1	0	0	0
"Chamelea striatula"	0	0	0	1	0	0	1	0	0	0	0	0	1	0	0	1	0	0	0	1	1	0	0	0	0	0	0	0	0	0	0	1	0	1	0	0	0	0	0	0	0	0	0	1	0	0	1	0	0	0	0	0	0	1	0	0
"Corbula gibba"	0	1	0	0	0	0	1	0	0	1	0	0	0	0	0	0	1	0	0	1	1	0	0	0	0	0	0	0	1	0	0	0	0	1	0	0	0	0	0	0	0	0	0	1	0	0	0	0	0	1	0	0	1	0	0	0
"Limecola balthica"	0	0	1	0	0	0	1	0	0	0	0	1	0	0	0	0	1	0	0	1	1	0	0	0	0	0	0	0	1	0	0	0	0	0	1	0	0	0	0	0	0	0	0	1	0	0	1	0	0	1	0	0	1	0	0	0
"Macoma calcarea"	0	0	0	1	0	0	1	0	0	0	0	0	1	0	0	0	1	0	0	1	1	0	0	0	0	0	0	0	1	0	0	1	0	1	1	0	0	0	0	0	0	0	0	1	0	0	0	0	0	1	0	0	0	1	0	0
"Mya arenaria"	0	0	0	0	1	0	1	0	0	0	0	1	0	0	0	0	1	0	1	1	1	0	0	0	0	0	0	0	1	0	0	0	0	1	0	0	0	0	0	0	0	0	0	1	0	0	0	0	0	1	0	0	0	1	0	0
"Myrtea spinifera"	0	0	1	0	0	0	1	0	0	1	0	0	0	0	0	0	1	0	0	1	1	0	0	0	0	0	0	0	1	0	0	0	0	1	0	0	0	0	0	0	0	0	1	0	0	0	0	0	0	1	0	0	1	0	0	0
"Mysella bidentata"	0	0	1	0	0	0	1	0	0	0	1	0	0	0	0	0	1	0	1	1	1	0	1	0	0	0	0	0	1	1	0	1	0	1	1	0	0	0	0	0	0	0	0	1	0	0	1	0	0	1	0	0	1	0	0	0
"Mysia undata"	0	0	1	0	0	0	1	0	0	1	0	0	0	0	0	0	1	0	0	1	1	0	0	0	0	0	0	0	1	0	0	0	0	1	0	0	0	0	0	0	0	0	0	1	0	0	0	0	0	1	0	0	0	1	0	0
"Mytilus edulis"	0	0	1	0	0	0	1	0	0	1	0	0	0	0	0	0	1	0	0	0	0	0	1	0	0	0	1	0	0	0	0	0	0	1	0	0	0	0	0	0	0	1	0	0	0	0	1	1	0	0	0	1	0	0	0	0
"Nucula nitidosa"	0	1	0	0	0	0	1	0	0	0	0	1	0	0	0	1	0	0	0	1	1	0	0	0	0	0	0	0	0	0	0	1	0	0	1	0	0	0	0	0	0	0	0	1	0	0	0	0	0	1	0	0	1	0	0	0
"Nucula sulcata"	0	1	0	0	0	0	1	0	0	0	0	1	0	0	0	1	0	0	0	1	1	0	0	0	0	0	0	0	0	0	0	1	0	0	1	0	0	0	0	0	0	0	0	1	0	0	0	0	0	1	0	0	1	0	0	0
"Nuculana pernula"	0	0	1	0	0	0	1	0	0	0	0	0	1	0	0	1	0	0	0	1	1	0	0	0	0	0	0	0	1	0	0	0	0	0	1	0	0	0	0	0	0	0	0	1	0	0	0	0	0	1	0	0	0	1	0	0
"Phaxas pellucidus"	0	0	1	0	0	0	1	0	0	0	0	0	1	0	0	0	1	0	0	1	1	0	0	0	0	0	0	0	1	0	0	0	0	1	0	0	0	0	0	0	0	0	0	1	0	0	0	0	0	1	0	0	0	1	0	0
"Pisidium"	1	0	0	0	0	0	1	0	0	0	1	0	0	0	1	0	0	0	0	0	1	0	1	0	0	0	0	0	0	0	0	1	0	1	0	0	0	0	0	0	0	0	1	0	0	0	1	0	0	0	0	0	1	0	0	0
"Spisula subtruncata"	0	0	1	0	0	0	1	0	0	0	0	1	0	0	0	0	1	0	0	1	1	0	0	0	0	0	0	0	1	0	0	0	0	1	0	0	0	0	0	0	0	0	0	1	0	0	0	0	0	1	0	0	0	1	0	0
"Tellimya (Montacuta) ferruginosa"	0	0	1	0	0	0	1	0	0	0	1	0	0	0	0	0	1	0	1	1	1	0	0	0	0	0	0	0	0	0	0	1	1	1	1	0	0	0	0	0	0	0	1	0	0	0	0	0	0	1	0	0	1	0	0	0
"Tellimya (Montacuta) tenella"	1	0	0	0	0	0	1	0	0	0	1	0	0	0	0	0	1	0	1	1	1	0	0	0	0	0	0	0	0	0	0	1	1	1	1	0	0	0	0	0	0	0	1	0	0	0	0	0	0	1	0	0	1	0	0	0
"Thracia convexa"	0	0	1	0	0	0	1	0	0	0	0	0	1	0	0	0	1	0	0	1	1	0	0	0	0	0	0	0	1	0	0	1	0	1	0	0	0	0	0	0	0	0	1	0	0	0	0	0	0	1	0	0	0	0	0	1
"Thracia phaseolina"	1	0	0	0	0	0	1	0	0	1	0	0	0	0	1	0	0	0	0	1	1	0	0	0	0	0	0	0	0	0	0	1	0	1	0	0	0	0	0	0	0	0	1	0	0	0	0	0	0	1	0	0	1	0	0	0
"Thyasira"	0	0	1	0	0	0	1	0	0	0	1	0	0	0	0	0	1	0	1	1	0	0	0	0	0	0	0	0	1	0	0	1	0	1	1	0	0	0	0	0	0	0	0	1	0	0	0	0	0	1	0	0	1	1	0	1
"Thyasira flexuosa"	0	0	1	0	0	0	1	0	0	0	1	0	0	0	0	1	1	0	1	1	0	0	0	0	0	0	0	0	1	0	0	1	0	1	1	0	0	0	0	0	0	0	0	1	0	0	0	0	0	1	0	0	1	1	0	0
"Thyasira equalis"	1	0	0	0	0	0	1	0	0	1	0	0	0	0	0	1	1	0	1	1	0	0	0	0	0	0	0	0	1	0	0	0	0	1	0	0	0	0	0	1	0	0	1	0	0	0	0	0	0	1	0	0	0	0	0	1
"Thyasira sarsii"	0	1	0	0	0	0	1	0	0	1	0	0	0	0	0	1	0	0	1	1	0	0	0	0	0	0	0	0	1	0	0	0	0	1	1	0	0	0	0	0	0	0	0	1	0	0	0	0	0	1	0	0	0	1	0	1
"Einhornia crustulenta"	0	0	0	0	1	0	0	1	0	1	0	0	0	0	0	0	1	0	0	0	0	0	1	0	0	0	1	0	0	0	0	0	0	1	0	0	0	0	0	0	0	1	0	0	1	0	0	0	0	0	0	1	0	0	0	0
"Chironomidae"	1	0	0	0	0	1	0	0	0	1	0	0	0	0	1	0	0	0	1	1	1	0	1	0	0	0	0	1	0	0	1	0	0	1	0	0	0	0	0	0	0	0	0	1	0	1	1	1	1	0	0	0	1	1	0	0
"Diastylis"	0	1	0	0	0	0	0	1	0	1	0	0	0	0	1	0	0	0	0	1	1	0	0	0	0	0	0	0	0	0	0	1	0	1	1	1	0	0	0	0	0	0	0	1	0	0	1	0	0	1	0	0	1	0	0	0
"Diastylis laevis"	1	0	0	0	0	0	0	1	1	0	0	0	0	0	1	0	0	0	0	1	1	0	0	0	0	0	0	0	0	0	0	1	0	1	1	1	0	0	0	0	0	0	0	1	0	0	1	0	0	1	0	0	1	0	0	0
"Diastylis lucifera"	1	0	0	0	0	0	0	1	1	0	0	0	0	0	1	0	0	0	0	1	1	0	0	0	0	0	0	0	0	0	0	1	0	1	1	1	0	0	0	0	0	0	0	1	0	0	1	0	0	1	0	0	1	0	0	0
"Diastylis rathkei"	0	1	0	0	0	0	0	1	0	1	0	0	0	0	1	0	0	0	0	1	1	0	0	0	0	0	0	0	0	0	0	1	0	1	1	1	0	0	0	0	0	0	0	1	0	0	1	0	0	1	0	0	1	0	0	0
"Eudorella emarginata"	0	1	0	0	0	1	0	0	0	1	0	0	0	0	1	0	0	0	0	1	1	0	0	0	0	0	0	0	0	0	0	1	0	0	1	0	0	0	0	0	0	0	0	1	0	1	0	0	0	1	0	0	1	0	0	0
"Eudorella truncatula"	1	0	0	0	0	1	0	1	0	1	0	0	0	0	1	0	0	0	0	1	1	0	0	0	0	0	0	0	0	0	0	1	0	0	1	0	0	0	0	0	0	0	0	1	0	1	0	0	0	1	0	0	1	0	0	0
"Leucon nasica"	0	1	0	0	0	1	0	1	0	1	0	0	0	0	1	0	0	0	0	1	1	0	0	0	0	0	0	0	0	0	0	1	0	0	1	0	0	0	0	0	0	0	0	1	0	1	0	0	0	1	0	0	1	0	0	0
"Callianassa subterranea"	0	0	1	0	0	0	1	0	0	0	1	0	0	0	0	0	1	0	1	0	0	0	0	0	0	0	0	0	1	0	0	0	0	1	1	1	0	0	0	0	0	0	0	1	0	0	0	0	0	1	0	0	1	1	0	0
"Amphiura"	0	0	0	1	0	1	0	0	0	0	0	0	1	0	0	0	1	0	1	1	1	0	0	0	0	0	0	0	0	0	0	1	0	1	1	1	0	0	0	0	0	0	0	1	0	0	1	0	0	1	0	0	1	0	0	0
"Brissopsis lyrifera"	0	0	0	1	0	1	0	0	0	0	1	0	0	0	0	0	1	0	1	1	1	0	0	0	0	0	0	0	0	0	0	1	0	0	1	0	0	0	0	0	0	0	0	1	0	0	0	0	0	1	0	0	1	0	0	0
"Echinocardium cordatum"	0	0	0	1	0	0	1	0	0	0	0	0	1	0	0	0	1	0	1	1	1	0	0	0	0	0	0	0	1	0	0	0	0	0	1	0	0	0	0	0	0	0	0	1	0	0	1	0	0	1	0	0	1	0	0	0
"Ophiura"	0	0	0	1	0	0	1	0	0	0	1	0	0	0	0	0	1	0	0	1	1	0	0	0	0	0	0	0	0	0	0	1	0	1	1	0	1	0	0	0	0	0	0	1	0	0	1	0	0	1	0	0	1	0	0	0
"Cylichna"	0	1	0	0	0	0	0	1	1	0	0	0	0	0	1	0	1	0	0	0	1	0	1	0	0	0	0	0	1	0	0	1	0	0	0	1	1	0	0	0	0	0	0	1	0	0	0	0	0	1	0	0	0	1	0	0
"Cylichna cylindracea"	0	1	0	0	0	0	0	1	1	0	0	0	0	0	0	0	1	0	0	1	0	0	0	0	0	0	0	0	0	0	0	1	0	0	0	1	0	0	0	0	0	0	0	1	0	0	0	0	0	1	0	0	1	0	0	0
"Euspira"	0	1	0	0	0	0	1	0	0	0	1	0	0	0	0	1	0	0	0	1	0	0	1	0	0	0	0	0	0	0	0	1	0	0	0	1	0	0	0	0	0	0	0	1	0	0	1	0	0	0	0	0	1	0	0	0
"Hyala vitrea"	1	0	0	0	0	0	0	1	0	1	0	0	0	0	0	0	1	0	0	0	0	0	1	0	0	0	0	0	0	0	0	1	0	0	0	0	0	1	0	0	0	0	0	1	0	0	1	0	0	0	0	1	1	0	0	0
"Hydrobia"	1	0	0	0	0	0	1	0	0	1	0	0	0	0	0	1	1	0	0	0	0	0	1	0	0	0	0	0	0	0	0	1	0	0	0	1	0	1	0	0	0	0	0	1	0	0	1	1	0	0	0	1	0	0	0	0
"Nassarius incrassatus"	0	0	1	0	0	0	1	0	0	1	0	0	0	0	0	0	1	0	0	0	0	0	1	0	0	0	0	0	0	0	0	1	0	0	0	1	1	0	0	0	0	0	0	1	0	0	1	0	0	0	0	1	0	0	0	0
"Peringia ulvae"	1	0	0	0	0	0	1	0	0	1	0	0	0	0	0	1	1	0	0	0	0	0	1	0	0	0	0	0	0	0	0	1	0	0	1	0	0	0	0	0	0	0	0	1	0	1	1	1	0	1	0	1	0	0	0	0
"Philine"	0	0	0	1	0	0	1	0	0	0	1	0	0	0	1	0	1	0	0	1	1	0	0	0	0	0	0	0	1	0	0	1	0	0	0	1	1	0	0	0	0	0	0	1	0	0	1	0	0	1	0	0	1	1	0	0
"Philine scabra"	0	0	0	1	0	0	1	0	0	0	1	0	0	0	1	0	0	0	0	1	1	0	0	0	0	0	0	0	1	0	0	1	0	0	0	1	1	0	0	0	0	0	0	1	0	0	1	0	0	1	0	0	0	1	0	0
"Potamopyrgus antipodarum"	1	0	0	0	0	1	0	0	0	1	0	0	0	0	1	0	0	0	0	0	0	0	1	0	0	0	0	0	0	0	0	1	0	0	1	0	0	1	0	0	0	0	0	1	0	0	1	1	0	0	0	1	0	0	0	0
"Rissoa membranacea"	1	0	0	0	0	0	1	0	1	0	0	0	0	0	0	0	1	0	0	0	0	0	1	0	0	0	0	0	0	0	0	1	0	0	1	0	0	0	0	0	0	0	0	1	0	0	1	0	0	0	0	0	1	0	0	0
"Theodoxus fluviatilis"	1	0	0	0	0	1	0	0	0	1	0	0	0	0	1	0	0	0	0	0	0	0	1	0	0	0	0	0	0	0	0	1	0	0	0	0	0	1	0	0	0	0	0	1	0	0	1	1	0	0	0	1	0	0	0	0
"Turritella communis"	0	0	0	1	0	0	1	0	0	0	0	1	0	0	0	0	1	0	0	0	0	1	0	0	0	0	0	0	0	1	0	1	0	1	1	0	0	0	0	0	0	0	0	1	0	0	1	0	0	1	0	0	1	0	0	0
"Labidoplax buskii"	0	0	1	0	0	0	1	0	0	0	0	0	1	0	0	0	1	0	0	0	1	0	0	0	0	0	0	0	1	0	0	0	0	0	1	0	0	0	0	0	0	0	0	1	0	0	0	0	0	1	0	0	0	1	0	0
"Cyathura carinata"	0	1	0	0	0	1	0	0	0	1	0	0	0	0	1	0	0	0	0	1	1	0	1	0	0	0	0	1	0	0	0	0	0	0	0	1	0	0	0	0	0	0	1	0	0	0	0	0	1	0	0	1	1	0	0	0
"Idotea balthica"	0	0	1	0	0	0	1	0	0	1	0	0	0	0	1	0	0	0	0	0	0	0	1	1	0	0	0	0	0	0	0	1	0	0	1	0	0	0	0	0	0	0	0	1	0	1	1	1	0	0	0	0	0	1	0	0
"Idothea chelipes"	0	0	1	0	0	0	1	0	0	1	0	0	0	0	1	0	0	0	0	0	0	0	1	1	0	0	0	0	0	0	0	1	0	0	1	0	0	1	0	0	0	0	0	1	0	1	1	1	0	0	0	1	0	0	0	0
"Jaera albifrons"	1	0	0	0	0	0	1	0	0	1	0	0	0	0	1	0	0	0	0	0	0	0	1	0	0	0	0	0	0	0	0	1	0	0	1	0	0	1	0	0	0	0	0	1	0	1	1	1	0	0	0	1	0	0	0	0
"Saduria entomon"	0	0	1	0	0	0	1	0	0	0	1	0	0	0	1	0	0	0	0	0	1	0	1	0	0	0	0	0	0	0	0	1	0	0	0	1	1	0	0	0	0	0	0	1	0	1	1	0	0	1	0	0	1	0	0	0
"Mysidae"	0	0	0	1	0	0	1	0	1	0	0	0	0	0	1	0	0	0	0	0	0	0	1	0	0	0	0	0	0	0	0	1	0	1	0	1	1	0	0	1	0	0	0	1	0	1	1	0	0	0	0	0	0	1	0	0
"Nemertea"	0	0	0	1	0	0	1	0	0	1	0	0	0	1	1	1	0	0	1	1	1	0	1	0	0	0	0	1	0	1	0	1	1	0	0	1	1	0	0	0	0	0	0	1	0	1	1	0	0	1	0	0	1	1	0	0
"Oligochaeta"	0	0	0	1	0	0	1	0	0	0	1	0	0	1	1	0	0	0	1	1	1	0	1	0	0	0	0	0	1	0	0	1	0	0	1	1	0	0	0	0	0	0	0	1	0	0	1	1	0	1	0	1	1	0	0	0
"Ostracoda"	1	0	0	0	0	0	0	1	1	0	0	0	0	0	1	1	1	0	0	0	1	0	1	0	0	0	0	0	0	0	0	1	0	0	1	0	0	0	0	0	0	0	0	1	0	0	1	1	0	0	0	1	0	0	0	0
"Philomedes"	1	0	0	0	0	0	0	1	1	0	0	0	0	0	1	0	0	0	0	0	1	0	0	1	0	0	0	0	1	0	0	1	0	0	1	0	0	0	0	0	0	0	0	1	0	0	1	1	0	0	0	0	0	1	0	0
"Turbellaria"	0	0	1	0	0	1	0	0	1	0	0	0	0	0	1	0	0	0	0	0	1	0	1	0	0	0	0	0	0	1	0	1	0	0	1	1	1	0	0	1	0	0	0	1	0	1	1	0	0	0	0	0	0	1	0	0
"Ampharete"	0	1	0	0	0	1	0	1	0	0	1	0	0	0	1	1	0	0	0	1	1	0	0	0	0	0	0	1	0	0	0	0	0	1	1	0	0	0	0	0	0	0	1	0	0	0	1	0	1	1	0	0	1	0	0	1
"Ampharete baltica"	0	1	0	0	0	0	0	1	0	1	0	0	0	0	1	1	0	0	0	1	1	0	0	0	0	0	0	1	0	0	0	0	0	0	1	0	0	0	0	0	0	0	1	0	0	0	1	0	1	0	0	0	1	0	0	1
"Ampharete falcata"	0	1	0	0	0	1	0	0	0	0	1	0	0	0	1	1	0	0	0	1	1	0	0	0	0	0	0	1	0	0	0	0	0	1	1	0	0	0	0	0	0	0	1	0	0	0	0	0	1	1	0	0	1	0	0	1
"Ampharete finmarchia (lindstroemi)"	0	1	0	0	0	0	0	1	0	1	0	0	0	0	1	1	0	0	0	1	1	0	0	0	0	0	0	1	0	0	0	0	0	0	1	0	0	0	0	0	0	0	1	0	0	0	0	0	1	1	0	0	1	0	0	1
"Anobothrus gracilis"	0	0	1	0	0	0	0	1	0	1	0	0	0	0	1	1	0	0	0	1	1	0	0	0	0	0	0	1	0	0	0	0	0	0	1	0	0	0	0	0	0	0	1	0	0	0	0	0	1	1	0	0	1	0	0	1
"Paramphinome jeffreysi"	0	1	0	0	0	0	1	0	0	0	1	0	0	0	0	1	0	0	0	1	1	0	0	0	0	0	0	0	1	0	0	0	0	0	1	1	1	0	0	0	0	0	1	0	0	0	0	0	0	1	0	0	1	0	0	0
"Capitella capitata"	0	0	0	1	0	0	0	1	1	0	0	0	0	0	1	1	0	0	0	1	1	0	0	0	0	0	0	1	1	0	0	0	0	0	1	0	0	0	0	0	0	0	1	0	0	0	0	0	1	1	0	0	1	0	0	1
"Heteromastus filiformis"	0	0	0	0	1	0	1	0	0	1	0	0	0	0	0	1	1	0	0	1	1	0	0	0	0	0	0	1	1	0	0	0	0	0	1	0	0	0	0	0	0	0	1	0	0	0	0	0	1	1	0	0	1	0	0	1
"Notomastus latericeus"	0	0	0	0	1	0	1	0	0	1	0	0	0	0	0	1	0	0	0	1	1	0	0	0	0	0	0	1	1	0	0	0	0	0	1	0	0	0	0	0	0	0	1	0	0	0	0	0	1	1	0	0	1	0	0	1
"Caulleriella (Tharyx) killariensis"	0	0	0	1	0	0	1	0	0	1	0	0	0	0	0	1	0	0	0	1	1	0	0	0	0	0	0	1	0	0	0	1	0	0	1	0	0	0	0	0	0	0	1	0	0	0	0	0	1	1	0	0	1	0	0	1
"Brada villosa"	0	0	1	0	0	0	1	0	0	1	0	0	0	0	1	1	0	0	0	0	1	0	1	0	0	0	0	0	0	0	0	1	0	0	1	0	0	0	0	0	0	0	0	1	0	0	1	0	0	0	0	1	0	0	0	0
"Diplocirrus glaucus"	0	0	1	0	0	0	1	0	0	1	0	0	0	0	0	1	0	0	0	1	1	0	0	0	0	0	0	0	1	0	0	1	0	0	1	0	0	0	0	0	0	0	0	1	0	0	0	0	0	1	0	0	1	1	0	0
"Glycera alba"	0	0	0	1	0	0	1	1	0	0	1	0	0	0	0	0	1	0	0	1	1	0	0	0	0	0	0	0	1	0	0	0	0	0	1	1	0	0	0	0	0	0	0	1	0	0	0	0	0	1	0	0	1	0	0	0
"Glycera unicornis (rouxii)"	0	0	0	0	1	1	0	0	0	0	1	0	0	0	0	0	1	0	0	1	1	0	0	0	0	0	0	0	0	0	0	1	0	0	1	1	0	0	0	0	0	0	0	1	0	1	0	0	0	1	0	0	1	0	0	0
"Glycinde nordmanni"	0	0	0	1	0	0	1	1	0	1	0	0	0	0	0	1	0	0	0	1	1	0	0	0	0	0	0	0	1	0	0	1	0	0	0	1	0	0	0	0	0	0	0	1	0	0	0	0	0	1	0	0	1	0	0	0
"Goniada maculata"	0	0	0	1	0	0	1	1	0	1	0	0	0	0	1	1	0	0	0	1	1	0	0	0	0	0	0	0	1	0	0	1	0	0	0	1	0	0	0	0	0	0	0	1	0	0	0	0	0	1	0	0	1	0	0	0
"Abyssoninoe hibernica"	0	0	0	1	0	0	1	0	0	1	0	0	0	0	1	0	0	0	0	1	1	0	0	0	0	0	0	0	1	0	0	1	0	0	1	1	0	0	0	0	0	0	1	0	0	0	0	0	0	1	0	0	1	0	0	0
"Lumbrineris"	0	0	0	0	1	1	1	0	0	0	1	0	0	0	1	1	1	0	0	1	1	0	1	0	0	0	0	0	1	0	0	0	0	0	1	1	1	0	0	0	0	0	1	0	0	0	1	0	0	1	0	0	1	0	0	0
"Scoletoma fragilis"	0	0	0	0	1	0	1	0	0	1	0	0	0	0	0	1	0	0	0	1	1	0	0	0	0	0	0	0	1	0	0	0	0	0	0	1	1	0	0	0	0	0	1	0	0	0	0	0	0	1	0	0	1	0	0	0
"Scoletoma impatiens"	0	0	0	0	1	0	1	0	0	1	0	0	0	0	0	0	1	0	0	1	1	0	0	0	0	0	0	0	1	0	0	0	0	0	1	1	0	0	0	0	0	0	1	0	0	0	0	0	0	1	0	0	1	0	0	0
"Magelona alleni"	0	0	1	0	0	0	1	0	0	0	1	0	0	0	0	0	1	0	0	1	1	0	0	0	0	0	0	0	1	0	0	0	0	0	1	1	1	0	0	0	0	0	1	0	0	0	0	0	0	1	0	0	1	0	0	1
"Magelona minuta"	0	0	1	0	0	0	1	0	0	0	1	0	0	0	0	0	1	0	0	1	1	0	0	0	0	0	0	0	1	0	0	1	0	0	1	1	0	0	0	0	0	0	1	0	0	0	0	0	0	1	0	0	1	0	0	1
"Magelona mirabilis"	0	0	0	0	1	0	1	0	0	0	1	0	0	0	0	0	1	0	0	1	1	0	0	0	0	0	0	0	1	0	0	0	0	0	1	1	1	0	0	0	0	0	1	0	0	0	0	0	0	1	0	0	1	0	0	1
"Maldane sarsi"	0	0	0	1	0	0	1	0	1	0	0	0	0	0	1	0	0	0	0	1	1	0	0	0	0	0	0	1	0	0	0	0	0	0	1	0	0	0	0	0	0	0	1	0	0	0	0	0	1	1	0	0	1	0	1	1
"Praxillella affinis"	0	0	0	1	0	0	1	0	1	0	0	0	0	0	1	0	0	0	0	1	1	0	0	0	0	0	0	0	1	0	0	0	0	0	1	0	0	0	0	0	0	0	0	1	0	0	0	0	0	1	0	0	1	0	0	0
"Praxillella praetermissa"	0	0	0	1	0	0	1	0	1	0	0	0	0	0	1	0	0	0	0	1	1	0	1	0	0	0	0	1	0	0	0	0	0	0	1	0	0	0	0	0	0	0	1	0	0	0	0	0	1	0	0	0	0	1	0	0
"Pygospio elegans"	0	1	0	0	0	0	1	0	1	0	0	0	0	0	1	0	1	0	0	1	1	0	0	0	0	0	0	1	1	0	0	1	0	1	1	0	0	0	0	0	0	0	0	1	0	1	0	0	1	1	0	0	1	1	0	0
"Rhodine gracilior"	0	0	0	1	0	0	1	0	1	0	0	0	0	0	0	1	0	0	0	1	1	0	0	0	0	0	0	1	0	0	0	0	0	0	1	0	0	0	0	0	0	0	1	0	0	0	0	0	1	1	0	0	1	1	1	0
"Nephtys ciliata"	0	0	0	0	1	0	1	0	0	0	0	0	1	0	0	0	1	0	0	1	1	0	0	0	0	0	0	0	1	0	0	0	0	0	1	1	1	0	0	0	0	0	1	1	0	1	0	0	0	1	0	0	1	0	0	0
"Hediste diversicolor"	0	0	0	0	1	1	0	0	0	1	0	0	0	0	0	1	0	0	0	1	1	0	0	0	0	0	0	1	1	0	0	1	0	0	1	1	0	0	0	0	0	0	0	1	0	1	1	0	0	1	0	0	1	0	1	1
"Ophelina acuminata"	0	0	0	1	0	1	0	0	0	0	1	0	0	0	0	1	0	0	0	1	1	0	0	0	0	0	0	0	1	0	0	0	0	0	1	0	0	0	0	0	0	0	0	1	0	0	0	0	0	1	0	0	1	0	0	1
"Scoloplos armiger"	0	0	0	0	1	0	1	0	0	0	1	0	0	0	1	1	0	0	0	1	1	0	0	0	0	0	0	0	0	0	0	1	0	0	1	0	0	0	0	0	0	0	0	1	0	0	0	0	0	1	0	0	1	0	0	0
"Galathowenia oculata"	0	0	0	1	0	0	1	0	0	0	1	0	0	0	0	0	1	0	0	1	1	0	0	0	0	0	0	1	1	0	0	0	0	1	1	0	0	0	0	0	0	0	0	1	0	0	0	0	1	1	0	1	0	0	0	1
"Owenia fusiformis"	0	0	0	1	0	0	1	0	0	0	1	0	0	0	0	1	0	0	0	1	1	0	0	0	0	0	0	1	1	0	0	0	0	1	1	0	0	0	0	0	0	0	0	1	0	0	0	0	1	1	0	1	0	0	0	1
"Levinsenia gracilis"	0	0	1	0	0	0	1	0	0	1	0	0	0	0	1	1	0	0	0	1	1	0	0	0	0	0	0	1	1	0	0	0	0	0	1	0	0	0	0	0	0	0	1	0	0	0	0	0	1	1	0	0	1	0	0	0
"Pectinaria auricoma"	0	0	0	1	0	1	0	0	0	1	0	0	0	0	0	0	1	0	0	1	1	0	0	0	0	0	0	1	0	0	0	0	0	0	1	0	0	0	0	0	0	0	1	0	0	0	0	0	1	0	0	0	0	0	1	1
"Pectinaria koreni"	0	0	1	0	0	1	0	0	0	1	0	0	0	0	0	0	1	0	0	1	1	0	0	0	0	0	0	1	1	0	0	0	0	0	1	0	0	0	0	0	0	0	1	0	0	0	0	0	1	1	0	0	0	0	1	0
"Eteone longa"	0	0	1	0	0	0	1	0	0	0	1	0	0	0	0	1	1	0	0	1	1	0	0	0	0	0	0	0	0	0	0	1	0	0	1	1	1	0	0	0	0	0	0	1	0	0	0	0	0	1	0	0	1	0	0	0
"Eumida bahusiensis"	0	1	0	0	0	0	1	0	0	0	1	0	0	0	0	0	1	0	0	1	1	0	0	0	0	0	0	0	0	0	0	1	0	0	0	1	1	0	0	0	0	0	0	1	0	0	0	0	0	1	0	0	1	0	0	0
"Oxydromus flexuosus"	0	0	0	1	0	0	1	0	0	0	1	0	0	0	0	0	1	0	0	1	1	0	0	0	0	0	0	0	0	0	0	1	0	0	0	1	0	0	0	0	0	0	0	1	0	1	1	0	0	0	0	0	1	0	0	0
"Phyllodoce groenlandica"	0	0	0	0	1	0	1	0	0	0	1	0	0	0	0	0	1	0	0	1	1	0	0	0	0	0	0	0	0	0	0	1	0	0	0	1	1	0	0	0	0	0	0	1	0	0	0	0	0	1	0	0	1	0	0	0
"Polynoidae"	0	0	0	1	0	0	1	0	0	0	1	0	0	0	0	0	1	0	0	1	1	0	1	1	0	0	0	0	0	1	0	1	0	1	1	1	0	0	0	0	0	0	0	1	0	1	1	0	0	1	0	1	1	0	0	0
"Bylgides sarsi"	0	0	1	0	0	0	1	0	0	1	0	0	0	0	0	0	1	0	0	0	0	0	1	1	0	0	0	0	0	0	0	1	0	0	0	1	0	0	0	0	0	0	0	1	0	1	1	0	0	0	0	1	1	0	0	0
"Gattyana amondseni"	0	0	1	0	0	0	1	0	0	1	0	0	0	0	0	0	1	0	0	0	0	0	1	0	0	0	0	0	0	0	0	1	0	0	0	1	0	0	0	0	0	0	0	1	0	1	1	0	0	0	0	1	1	0	0	0
"Rhodine loveni"	0	0	0	1	0	0	1	0	0	1	0	0	0	0	0	1	0	0	0	1	1	0	0	0	0	0	0	1	0	0	0	0	0	0	1	0	0	0	0	0	0	0	1	0	0	0	0	0	1	1	0	0	0	0	1	0
"Scalibregma inflatum"	0	0	0	1	0	0	0	1	0	1	0	0	0	0	1	1	0	0	0	1	1	0	0	0	0	0	0	0	1	0	0	0	0	0	1	0	0	0	0	0	0	0	1	0	0	0	0	0	0	1	0	0	1	0	0	0
"Polyphysia crassa"	0	0	0	1	0	0	1	0	0	0	1	0	0	0	0	1	0	0	0	1	1	0	0	0	0	0	0	0	1	0	0	0	0	0	1	0	0	0	0	0	0	0	0	1	0	0	0	0	0	1	0	0	1	0	0	0
"Pholoe baltica"	1	0	0	0	0	0	1	0	0	0	1	0	0	0	0	0	1	0	0	0	0	0	1	0	0	0	0	0	0	0	0	1	0	0	0	1	0	0	0	0	0	0	0	1	0	0	1	0	0	0	0	1	0	0	0	0
"Pholoe inornata"	1	0	0	0	0	0	1	0	0	0	1	0	0	0	0	0	1	0	0	0	0	0	1	0	0	0	0	0	0	0	0	1	0	0	0	1	0	0	0	0	0	0	0	1	0	0	1	0	0	0	0	1	0	0	0	0
"Pholoe minuta"	0	0	1	0	0	0	1	0	0	0	1	0	0	0	0	0	1	0	0	0	1	0	1	0	0	0	0	0	0	1	0	1	0	0	0	1	1	0	0	0	0	0	0	1	0	0	1	0	0	0	0	0	0	1	0	0
"Pholoe pallida"	0	1	0	0	0	0	1	0	0	0	1	0	0	0	0	0	1	0	0	0	0	0	1	0	0	0	0	0	0	0	0	1	0	0	0	1	0	0	0	0	0	0	0	1	0	0	1	0	0	0	0	1	0	0	0	0
"Sphaerodorum gracilis (flavum)"	0	0	0	1	0	0	1	0	0	0	1	0	0	0	1	0	0	0	0	0	0	0	1	0	0	0	0	0	0	0	0	1	0	0	1	0	0	0	0	0	0	0	0	1	0	0	1	0	0	0	0	1	0	0	0	0
"Laonice bahusiensis"	0	0	0	0	1	0	1	0	0	1	0	0	0	0	0	0	1	0	0	1	1	0	0	0	0	0	0	0	1	0	0	1	0	1	1	0	0	0	0	0	0	0	1	0	0	0	0	0	0	1	0	0	1	1	0	0
"Marenzelleria"	0	0	0	1	0	0	1	0	0	0	1	0	0	0	0	1	0	0	1	1	1	0	0	0	0	0	0	0	1	0	0	0	0	0	1	1	0	0	0	0	0	0	0	1	0	0	0	0	0	1	0	0	0	0	1	1
"Prionospio cirrifera"	0	0	1	0	0	0	1	0	0	1	0	0	0	0	0	0	1	0	0	1	1	0	0	0	0	0	0	1	0	0	0	0	0	0	1	0	0	0	0	0	0	0	1	0	0	0	0	0	1	1	0	0	1	1	0	0
"Polydora ciliata"	0	0	1	0	0	1	0	0	0	1	0	0	0	0	0	0	1	0	0	1	1	0	0	0	0	0	0	1	0	0	0	0	0	1	1	0	0	0	0	0	0	0	1	0	0	0	0	0	1	1	0	1	0	0	0	0
"Prionospio fallax"	0	0	1	0	0	0	0	1	0	1	0	0	0	0	0	0	1	0	0	1	1	0	0	0	0	0	0	1	0	0	0	0	0	0	1	0	0	0	0	0	0	0	1	0	0	0	0	0	1	1	0	0	0	0	1	1
"Prionospio multibranchiata"	0	1	0	0	0	0	0	1	0	1	0	0	0	0	0	0	1	0	0	1	1	0	0	0	0	0	0	1	0	0	0	0	0	1	1	0	0	0	0	0	0	0	1	0	0	0	0	0	0	1	0	0	0	0	1	1
"Scolelepis tridentata"	0	1	0	0	0	0	1	0	0	1	0	0	0	0	0	0	1	0	0	1	1	0	0	0	0	0	0	0	1	0	0	0	0	0	1	0	0	0	0	0	0	0	1	0	0	0	0	0	0	1	0	0	0	0	1	1
"Spiophanes bombyx"	0	0	0	1	0	0	1	0	0	1	0	0	0	1	0	0	1	0	0	1	1	0	0	0	0	0	0	1	0	0	0	0	0	1	1	0	0	0	0	0	0	0	1	0	0	0	0	0	1	0	0	0	1	1	0	0
"Spiophanes kroyeri (kroeyeri)"	0	0	1	0	0	0	1	0	0	1	0	0	0	0	0	0	1	0	0	1	1	0	0	0	0	0	0	1	0	0	0	0	0	1	1	0	0	0	0	0	0	0	1	0	0	0	0	0	1	0	0	0	1	1	0	0
"Streblospio benedicti"	0	1	0	0	0	0	1	0	0	1	0	0	0	0	1	1	0	0	0	0	1	0	0	0	0	0	0	0	0	0	0	1	0	1	1	0	0	0	0	0	0	0	1	0	0	1	0	0	0	0	0	0	1	1	0	0
"Artacama proboscidea"	0	0	0	1	0	0	1	0	0	0	1	0	0	0	0	1	0	0	0	1	1	0	0	0	0	0	0	1	1	0	0	0	0	1	1	0	0	0	0	0	0	0	1	0	0	0	0	0	0	1	0	0	0	0	0	1
"Pistella lornensis"	0	0	1	0	0	0	1	0	0	0	1	0	0	0	0	1	0	0	0	1	1	0	0	0	0	0	0	1	0	0	0	0	0	0	1	0	0	0	0	0	0	0	1	0	0	0	0	0	1	1	0	0	1	1	0	0
"Polycirrus"	0	0	0	1	0	0	1	0	0	0	1	0	0	0	0	1	0	0	0	0	1	0	1	0	0	0	0	1	0	0	0	0	0	0	1	0	0	0	0	0	0	0	1	0	0	0	1	0	1	0	0	1	0	0	0	0
"Terebellides stroemi"	0	0	0	1	0	0	0	1	0	1	0	0	0	0	0	1	0	0	0	1	1	0	0	0	0	0	0	1	1	0	0	1	0	0	1	0	0	0	0	0	0	0	1	0	0	0	0	0	1	1	0	0	1	0	0	1
"Trichobranchus roseus"	0	0	1	0	0	0	1	0	0	1	0	0	0	0	1	1	0	0	0	1	1	0	0	0	0	0	0	0	0	0	0	1	0	0	1	0	0	0	0	0	0	0	1	0	0	0	0	0	0	1	0	0	1	0	0	0
"Trochochaeta multisetosa"	0	0	0	1	0	0	1	0	0	0	1	0	0	0	0	0	1	0	1	0	0	0	0	0	0	0	0	1	0	0	0	0	0	0	1	0	0	0	0	0	0	0	1	0	0	0	0	0	1	1	0	0	0	0	1	1
"Halicryptus spinulosus"	0	0	1	0	0	0	1	0	0	1	0	0	0	0	1	0	0	0	1	1	1	0	0	0	0	0	0	0	1	0	0	0	0	0	1	1	0	0	0	0	0	0	1	0	0	0	0	0	0	1	0	0	1	0	0	1
"Priapulus caudatus"	0	0	1	0	0	0	1	0	0	1	0	0	0	0	0	0	1	0	1	1	0	0	0	0	0	0	0	0	1	0	0	0	0	0	1	0	0	0	0	0	0	0	1	0	0	0	0	0	0	1	0	0	1	0	0	0
"Golfingia"	0	0	1	0	0	0	0	1	0	1	0	0	0	0	0	1	0	0	0	0	1	0	1	0	0	0	0	0	1	1	0	1	0	1	1	0	0	0	0	0	0	0	0	1	0	0	0	0	0	1	0	1	0	0	0	0
"Phascolion strombus"	0	0	1	0	0	0	1	0	0	1	0	0	0	0	0	1	0	0	0	1	1	0	0	0	0	0	0	0	0	0	0	1	0	0	1	0	0	0	0	0	0	0	0	1	0	0	0	0	0	1	0	1	1	0	0	0
"Cerastoderma glaucum"	0	0	0	1	0	0	1	0	0	0	1	0	0	0	0	0	1	0	0	1	1	0	0	0	0	0	0	0	0	0	0	1	0	1	0	0	0	0	0	0	0	0	0	1	0	0	0	0	0	1	0	0	1	1	0	0
"Virgularia mirabilis"	0	0	0	0	1	0	1	0	0	0	0	0	1	0	0	1	0	0	0	1	1	0	0	0	0	1	1	0	0	0	0	0	0	1	0	0	0	0	0	0	0	1	0	0	0	0	0	0	0	0	1	1	0	0	0	0
"Amphiura filiformis"	0	0	0	0	1	0	1	0	0	0	0	0	1	0	0	0	1	0	0	1	1	0	0	0	0	0	0	0	0	0	0	1	0	1	1	0	0	0	0	0	0	0	0	1	0	0	1	0	0	1	0	0	1	0	0	0
"Amphiura chiajei"	0	0	0	1	0	0	1	0	0	0	0	1	0	0	0	0	1	0	0	1	1	0	0	0	0	0	0	0	0	0	0	1	0	0	1	0	0	0	0	0	0	0	0	1	0	0	1	0	0	1	0	0	1	0	0	0
"Corophium volutator"	0	1	0	0	0	0	1	0	1	0	0	0	0	0	1	0	0	0	0	1	1	0	0	0	0	0	0	0	1	0	0	0	0	1	1	0	0	0	0	0	1	0	0	1	0	1	1	0	0	1	0	0	1	1	0	0
"Neomysis integer"	0	1	0	0	0	0	1	0	1	0	0	0	0	0	0	0	0	1	0	0	0	0	0	1	0	0	0	0	0	0	0	1	0	1	0	0	0	0	0	0	0	0	0	1	0	1	1	0	0	0	0	1	0	0	0	0
"Aphrodita aculeata"	0	0	0	0	1	0	1	0	0	0	0	1	0	0	0	1	0	0	0	1	1	0	0	0	0	0	0	0	0	0	0	1	0	0	0	1	1	0	0	0	0	0	0	1	0	0	1	0	0	1	0	0	1	0	0	0
"Nephtys hombergii"	0	0	0	0	1	0	1	0	0	0	1	0	0	0	0	1	1	0	0	1	1	0	0	0	0	0	0	0	0	0	0	1	0	0	0	1	1	0	0	0	0	0	1	1	0	1	1	0	0	1	0	0	1	0	0	0
"Ampelisca brevicornis"	0	1	0	0	0	0	1	0	0	1	0	0	0	0	1	0	0	0	0	1	1	0	0	0	0	1	0	1	0	0	0	0	0	1	1	0	0	0	0	0	0	0	0	1	0	1	1	0	0	0	0	0	0	1	0	0
"Ampelisca tenuicornis"	0	0	0	1	0	0	1	0	0	1	0	0	0	0	1	0	0	0	0	0	0	0	0	0	1	1	0	0	0	0	0	1	0	1	1	0	0	0	0	0	0	0	0	1	0	1	0	0	0	1	1	0	0	1	0	0
"Chaetozone setosa"	0	1	0	0	0	0	1	0	0	1	0	0	0	0	0	1	0	0	0	1	1	0	0	0	0	0	0	0	1	0	0	0	0	0	1	0	0	0	0	0	0	0	1	1	0	0	0	0	0	1	0	0	0	1	0	0
"Ophiura albida"	0	1	0	0	0	0	1	0	0	0	1	0	0	0	0	0	1	0	0	0	0	0	1	0	0	0	0	0	0	0	0	1	0	1	1	0	0	0	0	0	0	0	0	1	0	0	1	0	0	1	0	0	1	0	0	0
"Ampelisca macrocephala"	0	1	0	0	0	0	1	0	0	1	0	0	0	0	1	0	0	0	0	1	1	0	0	0	0	1	0	1	0	0	0	0	0	1	0	0	0	0	0	0	0	0	0	1	0	1	1	0	0	0	0	0	0	1	0	0
"Laonice cirrata"	0	0	0	0	1	0	1	0	0	1	0	0	0	0	0	0	1	0	0	1	1	0	0	0	0	0	0	0	1	0	0	1	0	0	1	0	0	0	0	0	0	0	1	0	0	0	0	0	0	1	0	0	1	1	0	0
"Melinna cristata"	0	0	0	1	0	0	1	0	0	0	1	0	0	0	0	1	0	0	0	1	1	0	0	0	0	0	0	1	0	0	0	0	0	0	1	0	0	0	0	0	0	0	1	0	0	0	0	0	0	0	1	0	0	0	1	1
"Nephtys caeca"	0	0	0	0	1	0	1	0	0	0	0	0	1	0	0	0	1	0	0	1	1	0	0	0	0	0	0	0	1	0	0	1	0	0	0	1	1	0	0	0	0	0	1	1	0	1	1	0	0	1	0	0	1	0	0	0
"Nephtys incisa"	0	0	0	1	0	0	1	0	0	0	0	0	1	0	0	0	1	0	0	1	1	0	0	0	0	0	0	0	1	0	0	1	0	0	1	0	0	0	0	0	0	0	1	1	0	1	0	0	0	1	0	0	1	0	0	0
"Ennucula tenuis"	1	0	0	0	0	0	1	0	0	0	1	0	0	0	0	1	0	0	0	1	1	0	0	0	0	0	0	0	0	0	0	1	0	0	1	0	0	0	0	0	0	0	0	1	0	0	0	0	0	1	0	0	1	0	0	0
"Parvicardium minimum"	0	1	0	0	0	0	1	0	0	0	1	0	0	0	0	0	1	0	0	1	1	0	0	0	0	0	0	0	1	0	0	0	0	1	0	0	0	0	0	0	0	0	0	1	0	0	1	0	0	1	0	0	0	1	0	0
"Pectinaria belgica"	0	0	0	1	0	1	0	0	0	1	0	0	0	0	0	0	1	0	0	1	1	0	0	0	0	0	0	1	1	0	0	0	0	0	1	0	0	0	0	0	0	0	1	0	0	0	0	0	1	1	0	0	0	0	1	1
"Phoronis muelleri"	0	0	0	1	0	0	0	1	0	1	0	0	0	0	0	0	1	0	0	1	1	0	0	0	0	0	0	1	0	0	0	0	0	1	0	0	0	0	0	0	0	0	1	0	0	0	0	0	1	1	0	0	1	0	0	0
"Littorina saxatilis"	0	1	0	0	0	0	1	0	0	1	0	0	0	0	0	0	1	0	0	0	0	0	1	0	1	0	0	0	0	0	0	1	0	0	0	0	0	1	0	0	1	0	0	1	0	0	1	0	0	0	0	1	0	0	0	0
"Polydora cornuta"	0	1	0	0	0	1	0	0	0	1	0	0	0	0	0	0	1	0	0	1	1	0	0	0	0	0	0	1	0	0	0	0	0	1	1	0	0	0	0	0	0	0	1	0	0	0	1	0	1	1	0	1	0	0	0	0
